10 64
| 0 0 0 0 0 0 0 0 |
| 0 0 0 0 0 0 0 0 |
0 0 0 0 0 0 0 0 0 0
0 0 0 | - - - 0 0 0
| 0 0 0 0 0 0 0 0 |
| 0 - | 0 0 | 0 0 |
0 0 0 | 0 0 | 0 0 0
0 0 0 | 0 0 0 0 0 0
| 0 0 | 0 0 0 0 0 |
| 0 0 - - | 0 0 0 |
| - 0 0 0 | 0 0 0 0
0 0 0 0 0 | 0 0 0 0
| 0 0 0 0 | 0 0 0 |
| 0 0 0 0 0 0 0 0 |
0 0 0 0 0 0 0 0 0 0
0 0 0 - - | - - 0 0
| 0 0 0 0 | 0 0 0 |
| 0 0 0 0 | 0 0 0 |
0 0 0 - - - 0 0 0 0
0 0 0 0 0 0 0 0 0 0
| 0 0 | 0 0 0 0 0 |
| - - - 0 0 0 0 0 |
0 0 0 0 0 0 0 0 0 0
0 0 0 0 0 0 0 0 0 0
| 0 0 0 0 0 - - - |
| 0 0 0 - - | 0 0 |
0 0 0 0 0 0 0 0 0 0
0 0 0 0 0 0 0 0 0 0
| 0 0 0 0 0 0 0 0 |
| 0 0 0 0 0 0 0 0 |
0 0 0 0 0 0 0 0 0 0
0 0 0 0 0 0 0 0 0 0
| 0 0 0 0 0 0 0 0 |
| 0 0 0 0 0 0 0 0 |
0 0 0 0 0 0 0 0 0 0
0 0 0 | - - - 0 0 0
| 0 0 0 0 0 0 0 0 |
| 0 - | 0 0 | 0 0 |
0 0 0 | 0 0 | 0 0 0
0 0 0 | 0 0 0 0 0 0
| 0 0 | 0 0 0 0 0 |
| 0 0 - - | 0 0 0 |
| - 0 0 0 | 0 0 0 0
0 0 0 0 0 | 0 0 0 0
| 0 0 0 0 | 0 0 0 |
| 0 0 0 0 0 0 0 0 |
0 0 0 0 0 0 0 0 0 0
0 0 0 - - | - - 0 0
| 0 0 0 0 | 0 0 0 |
| 0 0 0 0 | 0 0 0 |
0 0 0 - - - 0 0 0 0
0 0 0 0 0 0 0 0 0 0
| 0 0 | 0 0 0 0 0 |
| - - - 0 0 0 0 0 |
0 0 0 0 0 0 0 0 0 0
0 0 0 0 0 0 0 0 0 0
| 0 0 0 0 0 - - - |
| 0 0 0 - - | 0 0 |
0 0 0 0 0 0 0 0 0 0
0 0 0 0 0 0 0 0 0 0
| 0 0 0 0 0 0 0 0 |
| 0 0 0 0 0 0 0 0 |
0 0 0 0 0 0 0 0 0 0
0 0 0 * 0 0 + 0 0 0